       0/4     8.05G      2.52     0.403     0.435      3.36         7       832     0.587     0.545     0.633     0.564      1.42     0.181    0.0727
       1/4     8.06G      1.85     0.153    0.0973       2.1         2       416     0.658     0.925     0.793     0.768      1.27     0.128    0.0578
       2/4     8.29G      1.66     0.125    0.0837      1.87         1       608     0.629     0.885     0.857     0.732      1.14      0.11    0.0485
       3/4     8.06G      1.28    0.0996    0.0441      1.42         6       576     0.684     0.938     0.894     0.791      0.97    0.0788    0.0228
       4/4     8.23G       1.2    0.0904    0.0434      1.33         4       672     0.764     0.952     0.936     0.846     0.889    0.0768    0.0216
       5/9     9.09G      1.53     0.112    0.0699      1.72         3       672     0.781     0.908     0.897      0.84      1.14     0.101    0.0367
       6/9     9.09G      1.14     0.087    0.0342      1.26         3       768     0.683     0.959     0.924     0.795     0.931    0.0751    0.0167
       7/9     9.08G     0.995    0.0816    0.0228       1.1         3       736     0.801     0.956     0.942     0.869      0.85    0.0712    0.0127
       8/9     9.11G     0.874    0.0741    0.0165     0.965         3       672     0.744     0.968     0.948     0.839      0.73    0.0638   0.00794
       9/9     9.09G     0.805     0.071    0.0125     0.889         2       384     0.757     0.973     0.952     0.851     0.668    0.0591   0.00511
     10/14     9.09G       1.3    0.0988    0.0481      1.45         7       672     0.691     0.953     0.927     0.798      1.03    0.0812    0.0221
     11/14     9.08G     0.916     0.078    0.0171      1.01         4       800     0.761      0.97     0.946     0.852     0.712    0.0609   0.00831
     12/14     9.08G     0.831    0.0741    0.0136     0.919         4       736     0.778     0.971     0.948     0.863     0.669    0.0585   0.00567
     13/14     9.11G      0.76    0.0718    0.0101     0.842         2       672     0.776     0.971      0.95     0.862     0.618    0.0572    0.0038
     14/14     9.09G     0.727    0.0685   0.00834     0.804         1       512     0.783     0.972     0.954     0.867     0.589    0.0554   0.00297
