       0/9     7.74G      2.45     0.443     0.427      3.32        11       384     0.565     0.866     0.791     0.682      1.88     0.225     0.109
       1/9     7.74G      1.77     0.167    0.0922      2.03        14       480     0.598     0.947     0.871     0.733      1.54     0.145    0.0736
       2/9     7.74G       1.6     0.132    0.0725      1.81        11       576     0.668     0.926      0.84     0.776      1.68     0.124    0.0733
       3/9     7.74G      1.38     0.109    0.0477      1.54        16       448     0.764     0.916      0.86     0.833      1.38      0.12     0.049
       4/9     7.74G      1.31       0.1    0.0389      1.45        10       512     0.593     0.931     0.874      0.72      1.36    0.0963    0.0295
       5/9     7.75G      1.15     0.091    0.0293      1.27        13       320     0.698     0.944     0.918     0.801      1.12    0.0948    0.0369
       6/9     8.73G      1.02    0.0803    0.0228      1.13         8       448     0.652     0.966     0.933     0.778      1.08    0.0809    0.0325
       7/9     8.73G     0.906    0.0744    0.0168     0.997        12       576       0.7     0.961     0.936     0.808      0.96    0.0756    0.0214
       8/9     8.73G     0.784    0.0704      0.01     0.864        14       576     0.756     0.963     0.941     0.846     0.966    0.0713    0.0185
       9/9     8.73G      0.75    0.0649   0.00802     0.823        13       448      0.75     0.964      0.95     0.842     0.804    0.0617    0.0115
