       0/9     6.53G      2.45     0.427     0.413      3.29         1       544     0.539      0.81     0.661     0.647      2.03     0.214      0.11
       1/9     6.69G      1.75     0.159    0.0834      1.99         2       640     0.615     0.857     0.767     0.715      1.96     0.165     0.111
       2/9     6.53G      1.62     0.129    0.0679      1.81         4       352     0.648     0.923     0.828     0.761      1.59     0.124    0.0849
       3/9     6.53G      1.38     0.107    0.0461      1.53         3       480     0.651     0.948       0.9     0.772      1.35    0.0959    0.0344
       4/9     6.53G      1.22    0.0954    0.0348      1.35         5       384     0.645     0.942     0.895     0.766      1.31    0.0967     0.037
       5/9     6.53G       1.1    0.0867    0.0264      1.21         2       608       0.7      0.96     0.911     0.804      1.18    0.0908     0.048
       6/9     8.93G     0.989    0.0772    0.0203      1.09         1       544     0.732     0.962     0.931      0.83      1.08     0.079    0.0284
       7/9     8.93G     0.885    0.0715    0.0149     0.972         2       640     0.743     0.961     0.939     0.836     0.996    0.0715    0.0232
       8/9     8.93G     0.822     0.067    0.0102       0.9         3       640     0.768     0.964     0.948     0.853      1.05    0.0699    0.0222
       9/9     6.54G     0.709    0.0634   0.00864     0.781         2       416     0.779     0.965      0.95      0.86      0.94    0.0658    0.0171
