       0/4     8.05G      2.52     0.403     0.435      3.36         7       832     0.587     0.545     0.633     0.564      1.42     0.181    0.0727
       1/4     8.06G      1.85     0.153    0.0973       2.1         2       416     0.658     0.925     0.793     0.768      1.27     0.128    0.0578
       2/4     8.29G      1.66     0.125    0.0837      1.87         1       608     0.629     0.885     0.857     0.732      1.14      0.11    0.0485
       3/4     8.06G      1.28    0.0996    0.0441      1.42         6       576     0.684     0.938     0.894     0.791      0.97    0.0788    0.0228
       4/4     8.23G       1.2    0.0904    0.0434      1.33         4       672     0.764     0.952     0.936     0.846     0.889    0.0768    0.0216
       5/9     9.09G      1.53     0.112    0.0699      1.72         3       672     0.781     0.908     0.897      0.84      1.14     0.101    0.0367
       6/9     9.09G      1.14     0.087    0.0342      1.26         3       768     0.683     0.959     0.924     0.795     0.931    0.0751    0.0167
       7/9     9.08G     0.995    0.0816    0.0228       1.1         3       736     0.801     0.956     0.942     0.869      0.85    0.0712    0.0127
       8/9     9.11G     0.874    0.0741    0.0165     0.965         3       672     0.744     0.968     0.948     0.839      0.73    0.0638   0.00794
       9/9     9.09G     0.805     0.071    0.0125     0.889         2       384     0.757     0.973     0.952     0.851     0.668    0.0591   0.00511
     10/14     9.09G       1.3    0.0988    0.0481      1.45         7       672     0.691     0.953     0.927     0.798      1.03    0.0812    0.0221
     11/14     9.08G     0.916     0.078    0.0171      1.01         4       800     0.761      0.97     0.946     0.852     0.712    0.0609   0.00831
     12/14     9.08G     0.831    0.0741    0.0136     0.919         4       736     0.778     0.971     0.948     0.863     0.669    0.0585   0.00567
     13/14     9.11G      0.76    0.0718    0.0101     0.842         2       672     0.776     0.971      0.95     0.862     0.618    0.0572    0.0038
     14/14     9.09G     0.727    0.0685   0.00834     0.804         1       512     0.783     0.972     0.954     0.867     0.589    0.0554   0.00297
     15/19     9.08G      1.34    0.0823    0.0372      1.46         8       736     0.617     0.946     0.905     0.746      1.08    0.0751    0.0227
     16/19     9.09G     0.983    0.0706    0.0153      1.07        14       384     0.694     0.952      0.93     0.803      0.81    0.0565   0.00395
     17/19     9.08G     0.859    0.0641   0.00816     0.931         7       896     0.711     0.952     0.929     0.814     0.752    0.0543   0.00384
     18/19     9.09G      0.82     0.062   0.00668     0.889         7       736     0.718      0.96     0.933     0.821      0.73    0.0539   0.00327
     19/19     9.08G     0.791    0.0624   0.00605      0.86        16       672     0.763      0.95     0.934     0.846     0.696    0.0521   0.00223
     20/24     9.08G       1.2    0.0762    0.0296      1.31         4       736     0.593     0.952     0.921     0.725     0.981    0.0658    0.0242
     21/24     9.08G     0.902    0.0684    0.0124     0.983         5       800     0.715     0.963     0.942     0.821       0.7    0.0519   0.00328
     22/24     9.08G     0.806    0.0619   0.00636     0.874         8       896     0.738     0.961     0.941     0.835     0.659    0.0509   0.00237
     23/24     9.09G     0.775    0.0606   0.00556     0.841        10       736     0.729     0.965     0.945      0.83     0.649    0.0501   0.00223
     24/24     9.08G     0.763     0.061   0.00482     0.829        11       640     0.758     0.958     0.945     0.846     0.622    0.0488   0.00183
     25/29     9.13G      1.96     0.214      0.73       2.9         8       416     0.345     0.312     0.405     0.261      1.09     0.148     0.284
     26/29     9.13G       1.1     0.134     0.308      1.54        11       384     0.328     0.455     0.454     0.379     0.851     0.105     0.109
     27/29     9.12G     0.998     0.116     0.191       1.3        15       896     0.339     0.463      0.47     0.391      0.79    0.0942    0.0735
     28/29     9.12G     0.941     0.108     0.148       1.2        11       672     0.478     0.475      0.53     0.414     0.778    0.0881     0.056
     29/29     9.13G     0.907     0.104     0.135      1.15         8       672     0.518     0.491      0.57     0.441     0.739    0.0838    0.0513
     30/34     4.61G      1.36     0.125     0.216       1.7         2       736     0.504     0.535     0.594     0.496      1.09     0.105     0.125
     31/34     4.61G     0.957     0.105     0.149      1.21         4       800     0.648     0.596     0.637     0.531     0.862    0.0875    0.0668
     32/34      4.6G     0.852    0.0969     0.091      1.04         3       896     0.656     0.622     0.685     0.548     0.794    0.0818    0.0434
     33/34     4.75G     0.818    0.0945    0.0773      0.99         5       736     0.652     0.624     0.682     0.547     0.793    0.0825    0.0394
     34/34     4.61G     0.811    0.0912    0.0768     0.979         5       640     0.666     0.624     0.685     0.556     0.759    0.0807    0.0332
     35/39     9.13G      1.43      0.11     0.216      1.76        12       416     0.803     0.602     0.704     0.535      1.16    0.0977     0.121
     36/39     9.13G     0.991    0.0986      0.14      1.23        14       384     0.713     0.691     0.741     0.612     0.805    0.0789     0.063
     37/39     9.12G     0.882    0.0915      0.09      1.06         9       896     0.741     0.705     0.769     0.636      0.77    0.0753    0.0571
     38/39     9.12G     0.843     0.088    0.0815      1.01         9       672     0.738      0.72     0.778     0.643     0.748    0.0734     0.051
     39/39     9.13G     0.839    0.0859    0.0757         1         8       672     0.722     0.763       0.8     0.692      0.74    0.0734    0.0467
     40/44     9.12G       1.3    0.0991      0.16      1.56         7       736     0.786     0.642     0.758     0.586       1.1    0.0865     0.105
     41/44     9.12G     0.952    0.0912     0.109      1.15         8       384      0.71     0.797     0.847     0.717     0.745    0.0757     0.048
     42/44     9.12G     0.843    0.0857    0.0773      1.01        12       896     0.737     0.836     0.872     0.761     0.697    0.0729    0.0387
     43/44     9.13G     0.823    0.0824     0.065      0.97        10       736     0.714     0.862     0.868     0.769     0.696    0.0717    0.0339
     44/44     9.12G     0.816     0.081    0.0653     0.963        11       672     0.743     0.868     0.885     0.789     0.689    0.0704    0.0315
     45/49     4.61G      1.11    0.0918     0.105      1.31         2       736     0.789     0.733     0.812     0.727     0.924     0.081    0.0626
     46/49     4.61G     0.832    0.0857    0.0587     0.977         6       800     0.722     0.831     0.833     0.765     0.738    0.0727    0.0326
     47/49     4.61G     0.767    0.0801    0.0438     0.891         6       448     0.727     0.865     0.866     0.783     0.706    0.0715     0.028
     48/49     4.75G     0.752    0.0788    0.0377     0.869         2       736     0.706     0.882     0.867     0.777     0.717    0.0721    0.0269
     49/49     4.61G     0.743    0.0775    0.0339     0.855         6       640     0.724     0.869     0.869     0.784     0.691    0.0693     0.025
     50/54     4.61G      1.07    0.0866    0.0819      1.24         2       736     0.658     0.879     0.804      0.74     0.957    0.0798    0.0825
     51/54     4.61G     0.817    0.0829    0.0593     0.959         6       384     0.742     0.899     0.889      0.81     0.747    0.0722    0.0321
     52/54     4.61G     0.764    0.0773    0.0424     0.884         4       896     0.724     0.909     0.877     0.801     0.724    0.0704    0.0288
     53/54     4.76G     0.736    0.0754    0.0353     0.846         2       736     0.739     0.919       0.9     0.818     0.716    0.0714     0.032
     54/54     4.61G     0.727    0.0753    0.0331     0.836        10       672     0.747     0.921     0.901     0.819     0.695     0.068    0.0261
     55/59      4.6G      1.07    0.0851    0.0833      1.23         3       736     0.813     0.872     0.857      0.84     0.907    0.0777    0.0476
     56/59     4.61G     0.807    0.0805    0.0563     0.944         4       800     0.738     0.909     0.882     0.809     0.689     0.067    0.0225
     57/59     4.61G     0.744    0.0748    0.0406     0.859         7       896     0.731     0.915     0.882     0.809     0.664    0.0652    0.0191
     58/59     4.75G      0.73    0.0732    0.0361      0.84         4       736     0.755     0.913     0.884     0.825     0.666    0.0645    0.0168
     59/59     4.61G     0.722    0.0735    0.0318     0.827         5       640     0.762     0.919     0.892     0.832     0.653    0.0632    0.0154
     60/66     9.13G      1.16    0.0865    0.0977      1.34        14       416     0.844     0.858     0.883     0.845     0.896    0.0836    0.0761
     61/66     9.13G     0.912    0.0838    0.0781      1.07        13       384      0.74     0.906     0.905     0.811     0.703     0.066    0.0316
     62/66     9.12G     0.811    0.0763    0.0522     0.939         9       896     0.761     0.899     0.896     0.823     0.718    0.0675     0.133
     63/66     9.12G     0.785    0.0742    0.0488     0.908         9       736     0.747     0.924     0.912     0.824     0.657    0.0628    0.0181
     64/66     9.12G     0.763     0.073    0.0399     0.876        14       672     0.773     0.923      0.91      0.84     0.643    0.0613     0.015
     65/66     9.12G     0.748     0.071     0.038     0.857         6       768     0.766      0.93      0.92     0.839      0.65    0.0611    0.0139
     66/66     9.12G     0.758    0.0727    0.0375     0.868        15       864     0.771     0.926     0.919     0.839     0.629    0.0594     0.012
