0 0.0753906 0.246528 0.0117188 0.0319444 
0 0.0734375 0.261111 0.0109375 0.0305556 
0 0.0738281 0.288889 0.0117188 0.0305556 
0 0.0820312 0.340278 0.0125 0.0305556 
0 0.0867188 0.352778 0.0125 0.0305556 
0 0.0964844 0.36875 0.0132813 0.0319444 
0 0.0972656 0.370833 0.0117188 0.0305556 
0 0.0980469 0.372222 0.0117188 0.0305556 
0 0.100391 0.377778 0.0117188 0.0305556 
0 0.103125 0.385417 0.0125 0.0319444 
0 0.105078 0.395139 0.0132813 0.0319444 
0 0.0988281 0.397222 0.0117188 0.0305556 
0 0.0953125 0.391667 0.0125 0.0305556 
0 0.0898438 0.383333 0.0109375 0.0277778 
0 0.0875 0.380556 0.0125 0.0305556 
0 0.0753906 0.425 0.0148437 0.0388889 
0 0.0652344 0.325 0.0132813 0.0305556 
0 0.0578125 0.297222 0.0140625 0.0333333 
0 0.0480469 0.26875 0.0132813 0.0347222 
0 0.040625 0.254861 0.0125 0.0319444 
0 0.995703 0.117361 0.00859375 0.0319444 
1 0.771875 0.310417 0.0109375 0.0319444 
0 0.748047 0.325 0.0101562 0.0277778 
0 0.745703 0.322917 0.0101562 0.0291667 
0 0.741406 0.309028 0.0109375 0.0319444 
0 0.743359 0.303472 0.0101562 0.0319444 
0 0.744531 0.297917 0.0109375 0.0319444 
0 0.74375 0.282639 0.0109375 0.0319444 
0 0.744922 0.271528 0.0101562 0.0291667 
0 0.792188 0.269444 0.009375 0.0277778 
0 0.742578 0.256944 0.0101562 0.0277778 
0 0.738672 0.255556 0.0101562 0.0277778 
0 0.786328 0.254861 0.0101562 0.0291667 
0 0.786719 0.259028 0.0109375 0.0263889 
0 0.738672 0.259722 0.0101562 0.0277778 
0 0.786328 0.261111 0.0101562 0.0305556 
0 0.735547 0.269444 0.0101562 0.0305556 
0 0.784375 0.270833 0.0109375 0.025 
0 0.733594 0.285417 0.0109375 0.0319444 
0 0.782812 0.288194 0.009375 0.0236111 
0 0.783203 0.295833 0.00859375 0.0194444 
0 0.732813 0.295139 0.0109375 0.0319444 
0 0.732031 0.29375 0.0109375 0.0319444 
0 0.767969 0.272222 0.0109375 0.0305556 
0 0.717969 0.273611 0.0109375 0.0333333 
0 0.766406 0.279167 0.0109375 0.0333333 
0 0.716406 0.28125 0.0109375 0.0319444 
0 0.717578 0.29375 0.0101562 0.0319444 
0 0.767578 0.289583 0.0117188 0.0347222 
0 0.76875 0.289583 0.0109375 0.0347222 
0 0.717969 0.29375 0.0109375 0.0319444 
0 0.707031 0.284722 0.0109375 0.0333333 
0 0.758203 0.283333 0.0101562 0.0305556 
0 0.701172 0.284028 0.0117188 0.0347222 
0 0.751953 0.284028 0.0101562 0.0319444 
0 0.708203 0.29375 0.0117188 0.0347222 
0 0.759766 0.29375 0.0101562 0.0291667 
0 0.762109 0.300694 0.0101562 0.0263889 
0 0.710938 0.299306 0.0109375 0.0319444 
0 0.709766 0.297222 0.0117188 0.0361111 
0 0.761328 0.297222 0.0117188 0.0333333 
0 0.708984 0.296528 0.0117188 0.0347222 
0 0.760938 0.296528 0.0109375 0.0291667 
0 0.708594 0.295139 0.0109375 0.0319444 
0 0.760547 0.294444 0.0117188 0.0305556 
0 0.798828 0.294444 0.0101562 0.0277778 
0 0.709375 0.295833 0.0109375 0.0333333 
0 0.761328 0.29375 0.0117188 0.0319444 
0 0.707812 0.295139 0.0109375 0.0319444 
0 0.706641 0.29375 0.0101562 0.0291667 
0 0.758984 0.289583 0.0117188 0.0347222 
0 0.705469 0.29375 0.0109375 0.0291667 
0 0.70625 0.29375 0.0109375 0.0319444 
0 0.706641 0.294444 0.0117188 0.0305556 
0 0.706641 0.295833 0.0117188 0.0333333 
0 0.760547 0.294444 0.0117188 0.0333333 
0 0.706641 0.294444 0.0117188 0.0333333 
0 0.760547 0.29375 0.0117188 0.0319444 
0 0.707031 0.29375 0.0109375 0.0319444 
0 0.801953 0.290278 0.0132813 0.0361111 
0 0.802344 0.284722 0.0125 0.0361111 
0 0.707031 0.288889 0.0125 0.0361111 
0 0.761328 0.286806 0.0117188 0.0347222 
0 0.70625 0.282639 0.0125 0.0347222 
0 0.802344 0.279167 0.0125 0.0361111 
0 0.760938 0.28125 0.0125 0.0319444 
0 0.802344 0.272222 0.0125 0.0361111 
0 0.760938 0.273611 0.0125 0.0361111 
0 0.802734 0.26875 0.0117188 0.0347222 
0 0.70625 0.272917 0.0125 0.0347222 
0 0.761328 0.270833 0.0117188 0.0333333 
0 0.705859 0.272222 0.0117188 0.0361111 
0 0.803125 0.266667 0.0125 0.0361111 
0 0.761328 0.270139 0.0117188 0.0347222 
0 0.706641 0.272917 0.0117188 0.0347222 
0 0.803906 0.268056 0.0125 0.0361111 
0 0.761719 0.270139 0.0125 0.0347222 
0 0.761328 0.272222 0.0132813 0.0388889 
0 0.803906 0.271528 0.0125 0.0347222 
0 0.705469 0.275694 0.0125 0.0347222 
0 0.704297 0.280556 0.0117188 0.0333333 
0 0.704687 0.2875 0.0109375 0.0333333 
0 0.761719 0.284722 0.0125 0.0361111 
0 0.803906 0.282639 0.0125 0.0347222 
0 0.705469 0.297222 0.0125 0.0361111 
0 0.762891 0.295139 0.0132813 0.0375 
0 0.707031 0.309028 0.0125 0.0347222 
0 0.707422 0.315972 0.0132813 0.0402778 
0 0.807813 0.314583 0.0125 0.0347222 
0 0.765234 0.313889 0.0132813 0.0416667 
0 0.707812 0.318056 0.0140625 0.0444444 
0 0.705469 0.314583 0.0125 0.0375 
0 0.763672 0.311806 0.0132813 0.0375 
0 0.806641 0.311806 0.0117188 0.0319444 
0 0.698047 0.296528 0.0132813 0.0375 
0 0.756641 0.294444 0.0132813 0.0361111 
0 0.691406 0.276389 0.0140625 0.0444444 
0 0.688281 0.275 0.0125 0.0388889 
0 0.747266 0.272917 0.0132813 0.0375 
0 0.685938 0.279167 0.0125 0.0361111 
0 0.683594 0.285417 0.0125 0.0375 
0 0.742969 0.283333 0.0125 0.0333333 
0 0.679297 0.282639 0.0132813 0.0402778 
0 0.738672 0.28125 0.0132813 0.0375 
0 0.673828 0.280556 0.0132813 0.0388889 
0 0.673047 0.282639 0.0132813 0.0402778 
0 0.733203 0.280556 0.0132813 0.0388889 
0 0.673047 0.286806 0.0132813 0.0402778 
0 0.884375 0.367361 0.0125 0.0319444 
0 0.779297 0.282639 0.0132813 0.0375 
0 0.674609 0.282639 0.0132813 0.0402778 
0 0.735547 0.280556 0.0132813 0.0388889 
0 0.667188 0.267361 0.0140625 0.0375 
0 0.728516 0.266667 0.0132813 0.0333333 
0 0.865234 0.314583 0.0117188 0.0319444 
0 0.650391 0.232639 0.0132813 0.0402778 
0 0.712109 0.23125 0.0132813 0.0375 
0 0.646875 0.197222 0.0140625 0.0388889 
0 0.754687 0.190972 0.015625 0.0458333 
0 0.644531 0.170833 0.0140625 0.0388889 
0 0.861719 0.255556 0.0109375 0.0277778 
0 0.70625 0.16875 0.0140625 0.0375 
0 0.645703 0.159028 0.0148437 0.0430556 
0 0.707812 0.156944 0.0140625 0.0416667 
0 0.863672 0.243056 0.0117188 0.0305556 
0 0.647266 0.161806 0.0148437 0.0430556 
0 0.709766 0.159028 0.0148437 0.0430556 
0 0.647266 0.171528 0.0148437 0.0430556 
0 0.868359 0.270139 0.0117188 0.0319444 
0 0.646875 0.185417 0.015625 0.0458333 
0 0.644141 0.200694 0.0148437 0.0430556 
0 0.708203 0.197917 0.0148437 0.0430556 
0 0.705078 0.215278 0.0148437 0.0416667 
0 0.752734 0.211806 0.0148437 0.0402778 
0 0.865234 0.302083 0.0132813 0.0375 
0 0.865234 0.325694 0.0117188 0.0319444 
0 0.752344 0.232639 0.015625 0.0458333 
0 0.704297 0.259722 0.0132813 0.0388889 
0 0.752734 0.256944 0.0132813 0.0361111 
0 0.639063 0.261111 0.0140625 0.0416667 
0 0.637891 0.280556 0.0132813 0.0361111 
0 0.751562 0.275 0.0140625 0.0388889 
0 0.700391 0.2875 0.0148437 0.0444444 
0 0.634375 0.29375 0.0125 0.0319444 
0 0.698828 0.299306 0.0164062 0.0458333 
0 0.748047 0.296528 0.0148437 0.0430556 
0 0.698438 0.3125 0.015625 0.0444444 
0 0.748047 0.310417 0.0148437 0.0402778 
0 0.700391 0.326389 0.0148437 0.0444444 
0 0.866016 0.421528 0.0132813 0.0291667 
0 0.634766 0.336111 0.0132813 0.0361111 
0 0.701563 0.33125 0.015625 0.0486111 
0 0.751562 0.33125 0.0140625 0.0402778 
0 0.704297 0.327778 0.0148437 0.0444444 
0 0.754687 0.327083 0.0140625 0.0402778 
0 0.636719 0.330556 0.015625 0.0416667 
0 0.704687 0.313194 0.0140625 0.0402778 
0 0.755469 0.309722 0.0140625 0.0416667 
0 0.637109 0.314583 0.0148437 0.0402778 
0 0.754297 0.286111 0.0148437 0.0444444 
0 0.634375 0.294444 0.0125 0.0277778 
0 0.634375 0.267361 0.0125 0.0291667 
0 0.755078 0.259028 0.0148437 0.0458333 
0 0.753906 0.23125 0.015625 0.0458333 
0 0.629687 0.211806 0.0140625 0.0347222 
0 0.751172 0.20625 0.0148437 0.0430556 
0 0.748047 0.184722 0.0148437 0.0444444 
0 0.744922 0.172222 0.0148437 0.0416667 
0 0.692578 0.172222 0.0164062 0.0472222 
0 0.621484 0.176389 0.0148437 0.0416667 
0 0.862891 0.269444 0.0148437 0.0305556 
0 0.741016 0.163889 0.0148437 0.0444444 
0 0.736328 0.1625 0.0164062 0.0444444 
0 0.683203 0.1625 0.0179687 0.05 
0 0.60625 0.170139 0.0140625 0.0347222 
0 0.731641 0.163194 0.0164062 0.0486111 
0 0.728125 0.173611 0.0140625 0.0416667 
0 0.674609 0.173611 0.0164062 0.0472222 
0 0.852344 0.28125 0.0125 0.0263889 
0 0.848828 0.289583 0.0117188 0.0319444 
0 0.597656 0.188194 0.015625 0.0402778 
0 0.724219 0.184028 0.015625 0.0430556 
0 0.670313 0.184722 0.015625 0.0444444 
0 0.846484 0.302778 0.0117188 0.0305556 
0 0.665625 0.197917 0.015625 0.0402778 
0 0.719922 0.197222 0.0148437 0.0388889 
0 0.846875 0.315278 0.0109375 0.0305556 
0 0.591016 0.2125 0.0148437 0.0361111 
0 0.589063 0.227083 0.015625 0.0402778 
0 0.6625 0.227083 0.0171875 0.0486111 
0 0.5875 0.23125 0.015625 0.0430556 
0 0.717578 0.225694 0.0164062 0.0458333 
0 0.717188 0.230556 0.0171875 0.05 
0 0.661328 0.23125 0.0179687 0.0513889 
0 0.662109 0.240972 0.0179687 0.0486111 
0 0.588281 0.257639 0.015625 0.0402778 
0 0.720703 0.253472 0.0164062 0.0430556 
0 0.589844 0.270139 0.015625 0.0402778 
0 0.854688 0.372222 0.015625 0.0416667 
0 0.666016 0.267361 0.0164062 0.0430556 
0 0.589844 0.283333 0.015625 0.0388889 
0 0.857031 0.385417 0.015625 0.0430556 
0 0.666797 0.281944 0.0164062 0.0416667 
0 0.724609 0.280556 0.0148437 0.0361111 
0 0.860937 0.404167 0.0140625 0.0361111 
0 0.592188 0.298611 0.015625 0.0416667 
0 0.669922 0.296528 0.0179687 0.0458333 
0 0.865625 0.419444 0.015625 0.0416667 
0 0.594922 0.314583 0.0164062 0.0430556 
0 0.730859 0.310417 0.0164062 0.0430556 
0 0.672656 0.311111 0.0171875 0.0472222 
0 0.869141 0.433333 0.0148437 0.0388889 
0 0.675391 0.323611 0.0179687 0.0472222 
0 0.597266 0.326389 0.0164062 0.0444444 
0 0.598437 0.336806 0.015625 0.0375 
0 0.873047 0.440972 0.0164062 0.0430556 
0 0.877344 0.448611 0.015625 0.0416667 
0 0.739062 0.3375 0.0171875 0.0444444 
0 0.602734 0.351389 0.0148437 0.0361111 
0 0.681641 0.35 0.0148437 0.0333333 
0 0.883984 0.464583 0.0164062 0.0402778 
0 0.74375 0.352083 0.0171875 0.0458333 
0 0.683594 0.353472 0.01875 0.0486111 
0 0.603516 0.367361 0.0148437 0.0375 
0 0.885938 0.475 0.015625 0.0388889 
0 0.605859 0.378472 0.0148437 0.0347222 
0 0.892578 0.49375 0.0164062 0.0430556 
0 0.607031 0.384722 0.0171875 0.0472222 
0 0.607031 0.393056 0.015625 0.0361111 
0 0.607031 0.393056 0.015625 0.0388889 
0 0.605078 0.39375 0.0164062 0.0375 
0 0.603516 0.39375 0.0148437 0.0347222 
0 0.684766 0.379167 0.0179687 0.0416667 
0 0.599609 0.379861 0.0179687 0.0430556 
0 0.897656 0.491667 0.01875 0.05 
0 0.896484 0.484028 0.0164062 0.0486111 
0 0.896484 0.48125 0.0179687 0.0486111 
0 0.895312 0.481944 0.0171875 0.0472222 
0 0.590625 0.369444 0.0171875 0.0444444 
0 0.678125 0.366667 0.01875 0.0472222 
0 0.894141 0.483333 0.0179687 0.05 
0 0.675391 0.368056 0.0179687 0.0472222 
0 0.895312 0.489583 0.01875 0.0486111 
0 0.586719 0.379167 0.015625 0.0333333 
0 0.896484 0.491667 0.0179687 0.05 
0 0.673437 0.379167 0.015625 0.0333333 
0 0.585156 0.379861 0.0171875 0.0402778 
0 0.896094 0.493056 0.01875 0.05 
0 0.582812 0.379861 0.0171875 0.0402778 
0 0.895703 0.49375 0.0179687 0.0486111 
0 0.579687 0.380556 0.015625 0.0361111 
0 0.897266 0.492361 0.0179687 0.0513889 
0 0.668359 0.368056 0.0195312 0.0472222 
0 0.574609 0.366667 0.0179687 0.0416667 
0 0.666797 0.365972 0.0164062 0.0347222 
0 0.897266 0.482639 0.0195312 0.0541667 
0 0.897266 0.477778 0.0195312 0.0527778 
0 0.897266 0.463889 0.0210938 0.0555556 
0 0.567187 0.342361 0.01875 0.0486111 
0 0.894922 0.461806 0.0195312 0.0513889 
0 0.895703 0.464583 0.0195312 0.0541667 
0 0.559766 0.353472 0.0179687 0.0402778 
0 0.860937 0.645139 0.0140625 0.0291667 
0 0.870313 0.646528 0.0140625 0.0319444 
0 0.927734 0.616667 0.0148437 0.0305556 
0 0.466406 0.352083 0.0078125 0.0236111 
0 0.479297 0.365278 0.00703125 0.0222222 
0 0.480078 0.363889 0.00703125 0.0222222 
0 0.480469 0.35625 0.0078125 0.0236111 
0 0.48125 0.352083 0.0078125 0.0236111 
0 0.516797 0.353472 0.00703125 0.0236111 
0 0.516797 0.354861 0.00703125 0.0208333 
0 0.48125 0.352778 0.0078125 0.025 
0 0.516016 0.355556 0.00703125 0.0222222 
0 0.479297 0.355556 0.00703125 0.0222222 
0 0.515234 0.355556 0.00703125 0.0222222 
0 0.513672 0.35625 0.00703125 0.0236111 
0 0.477734 0.355556 0.00703125 0.0222222 
0 0.477734 0.355556 0.00703125 0.0222222 
0 0.513672 0.35625 0.00703125 0.0236111 
0 0.477734 0.356944 0.00703125 0.0222222 
0 0.513672 0.357639 0.00703125 0.0236111 
0 0.478125 0.359028 0.0078125 0.0236111 
0 0.478906 0.363889 0.0078125 0.0222222 
0 0.481641 0.370833 0.00703125 0.0222222 
0 0.517578 0.371528 0.00703125 0.0236111 
0 0.517578 0.372222 0.00703125 0.0222222 
0 0.481641 0.370833 0.00703125 0.0222222 
0 0.51875 0.370139 0.0078125 0.0236111 
0 0.482422 0.369444 0.00703125 0.0222222 
0 0.482422 0.366667 0.00859375 0.025 
0 0.482422 0.365972 0.00703125 0.0236111 
0 0.483594 0.364583 0.0078125 0.0236111 
0 0.520312 0.365278 0.0078125 0.025 
0 0.521094 0.364583 0.0078125 0.0236111 
0 0.484766 0.363194 0.00703125 0.0236111 
0 0.521875 0.363889 0.0078125 0.025 
0 0.485156 0.363889 0.0078125 0.0222222 
0 0.522656 0.363889 0.0078125 0.025 
0 0.485547 0.363889 0.00703125 0.0222222 
0 0.524219 0.365278 0.0078125 0.025 
0 0.4875 0.364583 0.0078125 0.0236111 
0 0.525781 0.369444 0.0078125 0.025 
0 0.493359 0.380556 0.00859375 0.025 
0 0.49375 0.384722 0.0078125 0.0222222 
0 0.49375 0.385417 0.0078125 0.0236111 
0 0.494531 0.386806 0.0078125 0.0263889 
0 0.499219 0.425694 0.0078125 0.0236111 
0 0.497656 0.432639 0.0078125 0.0236111 
0 0.528125 0.439583 0.0078125 0.0236111 
0 0.489844 0.438194 0.0078125 0.0236111 
0 0.478125 0.433333 0.0078125 0.0222222 
0 0.516406 0.434722 0.0078125 0.0222222 
0 0.473047 0.429167 0.00859375 0.025 
0 0.508594 0.426389 0.0078125 0.025 
0 0.469922 0.425 0.00859375 0.025 
0 0.466406 0.420833 0.0078125 0.025 
0 0.4625 0.415972 0.0078125 0.0263889 
0 0.458984 0.409028 0.00859375 0.0263889 
0 0.452734 0.398611 0.00859375 0.025 
0 0.450391 0.395139 0.00859375 0.0263889 
0 0.489844 0.397222 0.0078125 0.0222222 
0 0.448828 0.392361 0.00859375 0.0263889 
0 0.446484 0.390972 0.00859375 0.0263889 
0 0.486719 0.393056 0.0078125 0.025 
0 0.445703 0.390278 0.00859375 0.025 
0 0.485547 0.391667 0.00703125 0.0222222 
0 0.44375 0.3875 0.009375 0.0277778 
0 0.441797 0.384722 0.00859375 0.0277778 
0 0.481641 0.386111 0.00859375 0.025 
0 0.440234 0.383333 0.00859375 0.0277778 
0 0.440234 0.384028 0.00859375 0.0263889 
0 0.440234 0.386111 0.00859375 0.0277778 
0 0.441406 0.385417 0.009375 0.0263889 
0 0.481641 0.386806 0.00859375 0.0263889 
0 0.482031 0.385417 0.0078125 0.0263889 
0 0.441797 0.384028 0.00859375 0.0263889 
0 0.44375 0.38125 0.009375 0.0263889 
0 0.446094 0.377778 0.009375 0.0277778 
0 0.487109 0.379861 0.00859375 0.0263889 
0 0.450391 0.374306 0.00859375 0.0291667 
0 0.491406 0.377083 0.0078125 0.0263889 
0 0.453906 0.370139 0.009375 0.0263889 
0 0.494922 0.372222 0.00859375 0.0277778 
0 0.452734 0.363194 0.00859375 0.0263889 
0 0.451953 0.353472 0.0101562 0.0291667 
0 0.492969 0.35625 0.0078125 0.0263889 
0 0.452344 0.350694 0.009375 0.0263889 
0 0.475 0.353472 0.009375 0.0291667 
0 0.516797 0.355556 0.00859375 0.025 
0 0.473828 0.358333 0.00859375 0.0277778 
0 0.469531 0.357639 0.009375 0.0263889 
0 0.465625 0.357639 0.009375 0.0291667 
0 0.464844 0.363194 0.009375 0.0263889 
0 0.50625 0.370833 0.009375 0.0277778 
0 0.464453 0.370139 0.00859375 0.0263889 
0 0.461719 0.371528 0.009375 0.0291667 
0 0.503516 0.373611 0.00859375 0.0277778 
0 0.457031 0.36875 0.009375 0.0263889 
0 0.498828 0.370139 0.00859375 0.0263889 
0 0.494922 0.364583 0.00859375 0.0263889 
0 0.493359 0.363194 0.00859375 0.0263889 
0 0.451172 0.360417 0.00859375 0.0291667 
0 0.451562 0.358333 0.009375 0.0277778 
0 0.494141 0.359722 0.00859375 0.0277778 
0 0.451562 0.355556 0.009375 0.0277778 
0 0.494531 0.358333 0.009375 0.0277778 
0 0.451953 0.353472 0.0101562 0.0291667 
0 0.494531 0.355556 0.009375 0.0277778 
0 0.451562 0.35 0.009375 0.0277778 
0 0.494531 0.352083 0.009375 0.0263889 
0 0.451562 0.348611 0.009375 0.0277778 
0 0.494531 0.35 0.009375 0.0277778 
0 0.452344 0.345833 0.009375 0.0277778 
0 0.451562 0.342361 0.009375 0.0291667 
0 0.494922 0.344444 0.00859375 0.0277778 
0 0.448828 0.338194 0.0101562 0.0291667 
0 0.446875 0.329861 0.009375 0.0291667 
0 0.489844 0.332639 0.009375 0.0291667 
0 0.444141 0.326389 0.0101562 0.0305556 
0 0.4875 0.328472 0.009375 0.0291667 
0 0.441016 0.323611 0.0101562 0.0305556 
0 0.550781 0.372917 0.0109375 0.0319444 
0 0.484766 0.325 0.0101562 0.0277778 
0 0.48125 0.321528 0.009375 0.0291667 
0 0.547656 0.370139 0.0109375 0.0319444 
0 0.433594 0.314583 0.009375 0.0291667 
0 0.477344 0.315972 0.009375 0.0291667 
0 0.544141 0.365278 0.0101562 0.0305556 
0 0.430859 0.314583 0.0101562 0.0291667 
0 0.541797 0.365972 0.0101562 0.0319444 
0 0.474609 0.315972 0.0101562 0.0291667 
0 0.428906 0.315972 0.009375 0.0291667 
0 0.539844 0.367361 0.0109375 0.0291667 
0 0.472656 0.318056 0.009375 0.0277778 
0 0.427734 0.320833 0.0101562 0.0305556 
0 0.471875 0.322222 0.009375 0.0305556 
0 0.427734 0.324306 0.0101562 0.0291667 
0 0.472266 0.327083 0.0101562 0.0263889 
0 0.426172 0.325 0.0101562 0.0305556 
0 0.470703 0.327778 0.0101562 0.0277778 
0 0.425781 0.325 0.0109375 0.0305556 
0 0.470313 0.326389 0.0109375 0.0277778 
0 0.470313 0.324306 0.0109375 0.0291667 
0 0.425391 0.321528 0.0101562 0.0291667 
0 0.425781 0.315972 0.0109375 0.0291667 
0 0.470703 0.317361 0.0101562 0.0291667 
0 0.426172 0.311111 0.0101562 0.0305556 
0 0.471484 0.313194 0.0101562 0.0291667 
0 0.539453 0.364583 0.0101562 0.0291667 
0 0.469531 0.307639 0.009375 0.0291667 
0 0.467187 0.299306 0.009375 0.0291667 
0 0.422266 0.297917 0.0101562 0.0291667 
0 0.466406 0.293056 0.009375 0.0277778 
0 0.420703 0.290278 0.0101562 0.0333333 
0 0.41875 0.284028 0.0109375 0.0319444 
0 0.533984 0.336806 0.0101562 0.0291667 
0 0.464063 0.286806 0.009375 0.0263889 
0 0.416797 0.28125 0.0101562 0.0319444 
0 0.462109 0.282639 0.0101562 0.0291667 
0 0.415234 0.278472 0.0101562 0.0291667 
0 0.461328 0.280556 0.0101562 0.0305556 
0 0.458203 0.280556 0.0101562 0.0305556 
0 0.4125 0.279167 0.0109375 0.0305556 
0 0.457422 0.281944 0.0101562 0.0305556 
0 0.410937 0.279861 0.0109375 0.0319444 
0 0.409375 0.281944 0.0109375 0.0333333 
0 0.455859 0.283333 0.0101562 0.0305556 
0 0.408594 0.283333 0.0109375 0.0333333 
0 0.455078 0.285417 0.0101562 0.0291667 
0 0.526172 0.3375 0.0101562 0.0277778 
0 0.408984 0.288194 0.0117188 0.0319444 
0 0.455859 0.289583 0.0101562 0.0291667 
0 0.457031 0.29375 0.009375 0.0291667 
0 0.410156 0.293056 0.0109375 0.0277778 
0 0.411719 0.295139 0.0109375 0.0319444 
0 0.458203 0.296528 0.0101562 0.0291667 
0 0.410937 0.295833 0.0109375 0.0333333 
0 0.458203 0.297917 0.0101562 0.0319444 
0 0.530469 0.35 0.0109375 0.0305556 
0 0.411719 0.295833 0.0109375 0.0333333 
0 0.458984 0.297222 0.0101562 0.0305556 
0 0.458984 0.295139 0.0101562 0.0319444 
0 0.411328 0.29375 0.0117188 0.0319444 
0 0.453516 0.290278 0.0101562 0.0305556 
0 0.402734 0.281944 0.0117188 0.0333333 
0 0.450391 0.284722 0.0101562 0.0305556 
0 0.399609 0.276389 0.0117188 0.0333333 
0 0.446484 0.271528 0.0101562 0.0291667 
0 0.398828 0.26875 0.0117188 0.0319444 
0 0.445703 0.265972 0.0101562 0.0291667 
0 0.396875 0.257639 0.0109375 0.0347222 
0 0.396484 0.255556 0.0117188 0.0333333 
0 0.394922 0.254167 0.0117188 0.0333333 
0 0.44375 0.25625 0.0109375 0.0319444 
0 0.394922 0.255556 0.0117188 0.0333333 
0 0.44375 0.25625 0.0109375 0.0319444 
0 0.394922 0.259722 0.0117188 0.0333333 
0 0.444531 0.261111 0.0109375 0.0333333 
0 0.395703 0.266667 0.0117188 0.0333333 
0 0.444531 0.267361 0.0109375 0.0347222 
0 0.397266 0.273611 0.0117188 0.0361111 
0 0.446484 0.275694 0.0101562 0.0319444 
0 0.400391 0.283333 0.0117188 0.0333333 
0 0.45 0.284028 0.0109375 0.0319444 
0 0.403906 0.288889 0.0125 0.0361111 
0 0.407422 0.295833 0.0117188 0.0333333 
0 0.457031 0.297222 0.0109375 0.0333333 
0 0.410937 0.300694 0.0125 0.0347222 
0 0.464063 0.308333 0.0109375 0.0333333 
0 0.541016 0.365278 0.0101562 0.0305556 
0 0.465625 0.308333 0.0109375 0.0333333 
0 0.542188 0.365278 0.0109375 0.0305556 
0 0.541797 0.363194 0.0101562 0.0291667 
0 0.464063 0.300694 0.0109375 0.0347222 
0 0.541406 0.357639 0.0109375 0.0319444 
0 0.413672 0.297222 0.0132813 0.0361111 
0 0.465625 0.294444 0.0109375 0.0333333 
0 0.543359 0.351389 0.0117188 0.0305556 
0 0.467578 0.286111 0.0117188 0.0361111 
0 0.416406 0.284028 0.0125 0.0347222 
0 0.545313 0.343056 0.0125 0.0361111 
0 0.417578 0.274306 0.0132813 0.0375 
0 0.468359 0.267361 0.0117188 0.0347222 
0 0.469531 0.258333 0.0109375 0.0333333 
0 0.417969 0.254167 0.0125 0.0361111 
0 0.547656 0.316667 0.0125 0.0361111 
0 0.419141 0.243056 0.0132813 0.0388889 
0 0.471094 0.247917 0.0109375 0.0347222 
0 0.472656 0.240972 0.0109375 0.0347222 
0 0.551953 0.3 0.0132813 0.0361111 
0 0.422656 0.23125 0.0125 0.0375 
0 0.424219 0.227778 0.0125 0.0361111 
0 0.476953 0.23125 0.0117188 0.0347222 
0 0.477734 0.227083 0.0117188 0.0347222 
0 0.557813 0.2875 0.0125 0.0333333 
0 0.425781 0.220139 0.0125 0.0402778 
0 0.478516 0.224306 0.0117188 0.0347222 
0 0.558984 0.283333 0.0132813 0.0361111 
0 0.426953 0.21875 0.0132813 0.0402778 
0 0.560938 0.283333 0.0140625 0.0361111 
0 0.428906 0.218056 0.0140625 0.0416667 
0 0.481641 0.224306 0.0117188 0.0319444 
0 0.564062 0.284028 0.0140625 0.0375 
0 0.430078 0.216667 0.0132813 0.0388889 
0 0.564844 0.283333 0.0125 0.0333333 
0 0.428906 0.214583 0.0140625 0.0402778 
0 0.482422 0.219444 0.0132813 0.0388889 
0 0.564062 0.281944 0.0140625 0.0333333 
0 0.482812 0.215278 0.0125 0.0388889 
0 0.564844 0.279861 0.0125 0.0319444 
0 0.429297 0.2125 0.0132813 0.0388889 
0 0.483594 0.213889 0.0125 0.0361111 
0 0.482812 0.211806 0.0125 0.0375 
0 0.566406 0.271528 0.0140625 0.0375 
0 0.428906 0.204167 0.0140625 0.0416667 
0 0.430078 0.204861 0.0132813 0.0402778 
0 0.568359 0.272222 0.0132813 0.0361111 
0 0.43125 0.204167 0.0125 0.0388889 
0 0.433594 0.202083 0.0140625 0.0402778 
0 0.572266 0.271528 0.0132813 0.0347222 
0 0.433203 0.200694 0.0132813 0.0375 
0 0.489062 0.205556 0.0109375 0.0333333 
0 0.573047 0.269444 0.0132813 0.0333333 
0 0.433984 0.199306 0.0132813 0.0375 
0 0.489844 0.204167 0.0125 0.0361111 
0 0.574609 0.26875 0.0132813 0.0347222 
0 0.435937 0.2 0.0140625 0.0416667 
0 0.576172 0.269444 0.0132813 0.0361111 
0 0.436328 0.201389 0.0148437 0.0416667 
0 0.437109 0.204167 0.0148437 0.0444444 
0 0.578906 0.272917 0.0140625 0.0375 
0 0.493359 0.213194 0.0117188 0.0375 
0 0.580859 0.285417 0.0148437 0.0375 
0 0.494531 0.219444 0.0140625 0.0416667 
0 0.437891 0.215278 0.0132813 0.0388889 
0 0.508594 0.227778 0.0125 0.0388889 
0 0.595312 0.294444 0.0140625 0.0333333 
0 0.610547 0.302778 0.0148437 0.0388889 
0 0.526172 0.24375 0.0132813 0.0402778 
0 0.613281 0.311806 0.0140625 0.0375 
0 0.528125 0.254861 0.0125 0.0375 
0 0.616016 0.321528 0.0132813 0.0347222 
0 0.529297 0.25625 0.0132813 0.0402778 
0 0.470313 0.252778 0.0140625 0.0388889 
0 0.471875 0.254167 0.0140625 0.0388889 
0 0.530859 0.256944 0.0132813 0.0416667 
0 0.532422 0.254167 0.0132813 0.0388889 
0 0.621875 0.322917 0.0140625 0.0347222 
0 0.535547 0.244444 0.0132813 0.0416667 
0 0.469922 0.228472 0.0132813 0.0402778 
0 0.528906 0.231944 0.0140625 0.0444444 
0 0.5125 0.169444 0.0140625 0.0388889 
0 0.604297 0.239583 0.0132813 0.0347222 
0 0.463281 0.161111 0.0140625 0.0444444 
0 0.532422 0.159028 0.0132813 0.0402778 
0 0.471484 0.154861 0.0148437 0.0402778 
0 0.470313 0.151389 0.0140625 0.0444444 
0 0.623047 0.227083 0.0148437 0.0375 
0 0.455078 0.150694 0.0148437 0.0458333 
0 0.516016 0.155556 0.0132813 0.0388889 
0 0.454688 0.156944 0.0140625 0.0416667 
0 0.516406 0.160417 0.0140625 0.0430556 
0 0.462109 0.171528 0.0132813 0.0402778 
0 0.469922 0.190278 0.0148437 0.0444444 
0 0.533594 0.216667 0.0140625 0.0444444 
0 0.471484 0.211806 0.0148437 0.0430556 
0 0.471875 0.230556 0.015625 0.0444444 
0 0.627734 0.313889 0.0132813 0.0361111 
0 0.534375 0.235417 0.015625 0.0486111 
0 0.535156 0.253472 0.0140625 0.0430556 
0 0.473047 0.247222 0.0164062 0.0472222 
0 0.474609 0.260417 0.0164062 0.0486111 
0 0.536719 0.266667 0.0140625 0.0416667 
0 0.475391 0.268056 0.0164062 0.0472222 
0 0.483203 0.257639 0.0164062 0.0486111 
0 0.486328 0.240278 0.0148437 0.0444444 
0 0.55 0.247222 0.015625 0.0444444 
0 0.645312 0.325694 0.0140625 0.0375 
0 0.55625 0.225 0.0140625 0.0416667 
0 0.492969 0.216667 0.015625 0.0472222 
0 0.494141 0.202083 0.0148437 0.0430556 
0 0.653906 0.286806 0.015625 0.0458333 
0 0.558203 0.200694 0.0148437 0.0430556 
0 0.49375 0.192361 0.015625 0.0486111 
0 0.564062 0.193056 0.015625 0.05 
0 0.492969 0.175 0.015625 0.0472222 
0 0.557813 0.182639 0.0140625 0.0402778 
0 0.549219 0.169444 0.015625 0.0444444 
0 0.546484 0.174306 0.0164062 0.0486111 
0 0.644531 0.255556 0.015625 0.0416667 
0 0.482422 0.173611 0.0164062 0.05 
0 0.498828 0.1875 0.0164062 0.05 
0 0.510547 0.203472 0.0164062 0.0486111 
0 0.576563 0.210417 0.015625 0.0458333 
0 0.512109 0.21875 0.0164062 0.0486111 
0 0.512891 0.230556 0.0179687 0.05 
0 0.579297 0.238194 0.0148437 0.0430556 
0 0.580078 0.245139 0.0148437 0.0458333 
0 0.681641 0.327778 0.0148437 0.0361111 
0 0.580859 0.247917 0.0164062 0.0486111 
0 0.513672 0.241667 0.0179687 0.05 
0 0.512891 0.242361 0.0179687 0.0513889 
0 0.580078 0.247917 0.0164062 0.0513889 
0 0.513672 0.241667 0.0179687 0.0527778 
0 0.581641 0.247917 0.0164062 0.0513889 
0 0.582812 0.246528 0.0171875 0.0513889 
0 0.584766 0.242361 0.0164062 0.0513889 
0 0.688672 0.328472 0.0148437 0.0375 
0 0.582422 0.238194 0.0148437 0.0430556 
0 0.580469 0.226389 0.015625 0.0472222 
0 0.510938 0.220139 0.0171875 0.0513889 
0 0.685547 0.311806 0.0148437 0.0402778 
0 0.599219 0.254861 0.0171875 0.0486111 
0 0.706641 0.338889 0.0164062 0.0416667 
0 0.464063 0.234028 0.0171875 0.0513889 
0 0.535937 0.238194 0.0171875 0.0513889 
0 0.644922 0.324306 0.0164062 0.0402778 
0 0.536328 0.232639 0.0179687 0.0541667 
0 0.464063 0.229167 0.01875 0.05 
0 0.537891 0.231944 0.0179687 0.0527778 
0 0.464844 0.228472 0.01875 0.0513889 
0 0.448047 0.178472 0.0179687 0.0541667 
0 0.4875 0.127778 0.0171875 0.05 
0 0.599219 0.213194 0.0171875 0.0430556 
0 0.467969 0.0930556 0.0171875 0.0527778 
0 0.39375 0.0916667 0.01875 0.05 
0 0.471094 0.108333 0.0171875 0.0527778 
0 0.396484 0.106944 0.0179687 0.0527778 
0 0.408984 0.147917 0.0179687 0.0513889 
0 0.483984 0.148611 0.0179687 0.0527778 
0 0.684375 0.327778 0.0140625 0.0388889 
0 0.495703 0.178472 0.0179687 0.0541667 
0 0.611328 0.270139 0.0179687 0.0402778 
0 0.698438 0.35625 0.0140625 0.0402778 
0 0.491406 0.190278 0.0171875 0.0527778 
0 0.416016 0.189583 0.0179687 0.0513889 
0 0.410156 0.185417 0.01875 0.0541667 
0 0.485547 0.186806 0.0179687 0.0541667 
0 0.602734 0.272917 0.0179687 0.0458333 
0 0.487891 0.190278 0.0179687 0.0527778 
0 0.412109 0.188889 0.0195312 0.0555556 
0 0.489844 0.191667 0.01875 0.0555556 
0 0.415234 0.191667 0.0179687 0.0527778 
0 0.610937 0.283333 0.0171875 0.0444444 
0 0.417969 0.190972 0.01875 0.0541667 
0 0.495313 0.192361 0.01875 0.0569444 
0 0.614844 0.284028 0.01875 0.0458333 
0 0.617969 0.284722 0.0171875 0.0416667 
0 0.498828 0.191667 0.0195312 0.0555556 
0 0.501953 0.189583 0.0179687 0.0541667 
0 0.423438 0.188194 0.01875 0.0541667 
0 0.622266 0.282639 0.0179687 0.0430556 
0 0.505078 0.188194 0.0195312 0.0569444 
0 0.426953 0.185417 0.0195312 0.0541667 
0 0.507031 0.185417 0.0203125 0.0597222 
0 0.508594 0.188889 0.01875 0.0555556 
0 0.630859 0.282639 0.0195312 0.0458333 
0 0.509766 0.196528 0.0179687 0.0541667 
0 0.432031 0.204167 0.01875 0.0527778 
0 0.5125 0.205556 0.0203125 0.0583333 
0 0.635547 0.301389 0.0195312 0.05 
0 0.638281 0.3125 0.01875 0.0472222 
0 0.434375 0.213889 0.0203125 0.0555556 
0 0.433984 0.219444 0.0195312 0.0555556 
0 0.514063 0.226389 0.0203125 0.0611111 
0 0.639844 0.322917 0.01875 0.0458333 
0 0.513672 0.215972 0.0210938 0.0597222 
0 0.511719 0.20625 0.0203125 0.0625 
0 0.510938 0.2 0.0203125 0.0583333 
0 0.639844 0.298611 0.01875 0.05 
0 0.427344 0.198611 0.021875 0.0555556 
0 0.509766 0.188889 0.0195312 0.0583333 
0 0.426172 0.1875 0.0210938 0.0583333 
0 0.639844 0.283333 0.01875 0.0472222 
0 0.424219 0.184028 0.01875 0.0458333 
0 0.508984 0.177778 0.0195312 0.0583333 
0 0.507031 0.177083 0.021875 0.0625 
0 0.639844 0.280556 0.01875 0.0444444 
0 0.638281 0.284722 0.0203125 0.0527778 
0 0.504687 0.182639 0.021875 0.0625 
0 0.504297 0.188889 0.0210938 0.0611111 
0 0.416797 0.1875 0.0210938 0.0583333 
0 0.638672 0.295139 0.0195312 0.0458333 
0 0.502734 0.200694 0.0210938 0.0625 
0 0.415234 0.198611 0.0210938 0.0583333 
0 0.638672 0.325694 0.0210938 0.0541667 
0 0.637109 0.326389 0.0210938 0.0555556 
0 0.498437 0.214583 0.021875 0.0625 
0 0.408984 0.211806 0.0210938 0.0569444 
0 0.504297 0.204167 0.0226563 0.0638889 
0 0.641797 0.3125 0.0195312 0.0527778 
0 0.651563 0.311111 0.0203125 0.0527778 
0 0.512891 0.201389 0.0226563 0.0638889 
0 0.520312 0.201389 0.021875 0.0638889 
0 0.659766 0.310417 0.0210938 0.0541667 
0 0.651172 0.275694 0.0195312 0.0541667 
0 0.509375 0.170139 0.021875 0.0625 
0 0.651172 0.274306 0.0195312 0.0541667 
0 0.507031 0.171528 0.0234375 0.0652778 
0 0.652344 0.282639 0.0203125 0.0541667 
0 0.652344 0.286111 0.0203125 0.0555556 
0 0.50625 0.175 0.0234375 0.0638889 
0 0.505078 0.175 0.0226563 0.0638889 
0 0.652734 0.2875 0.0195312 0.0555556 
0 0.410547 0.174306 0.0226563 0.0597222 
0 0.505078 0.175 0.0226563 0.0638889 
0 0.653906 0.288194 0.01875 0.0541667 
0 0.409766 0.175 0.0226563 0.0611111 
0 0.505469 0.174306 0.0234375 0.0652778 
0 0.655078 0.2875 0.0195312 0.0555556 
0 0.408984 0.173611 0.0226563 0.0611111 
0 0.410937 0.174306 0.021875 0.0597222 
0 0.657812 0.290278 0.01875 0.0555556 
0 0.511328 0.175694 0.0226563 0.0652778 
0 0.419141 0.173611 0.0226563 0.0611111 
0 0.521875 0.172222 0.0234375 0.0666667 
0 0.423047 0.172222 0.0226563 0.0611111 
0 0.680078 0.284028 0.0210938 0.0569444 
0 0.427344 0.1625 0.0234375 0.0611111 
0 0.535156 0.145833 0.0234375 0.0666667 
0 0.691016 0.269444 0.0210938 0.0583333 
0 0.434766 0.146528 0.0242187 0.0597222 
0 0.543359 0.13125 0.0242187 0.0680556 
0 0.701172 0.258333 0.0210938 0.0583333 
0 0.441016 0.131944 0.0242187 0.0611111 
0 0.705469 0.255556 0.021875 0.0583333 
0 0.547656 0.130556 0.0234375 0.0694444 
0 0.548047 0.121528 0.0242187 0.0708333 
0 0.548828 0.115972 0.0242187 0.0680556 
0 0.710547 0.241667 0.0242187 0.0638889 
0 0.550781 0.107639 0.025 0.0708333 
0 0.712891 0.238889 0.0210938 0.0583333 
0 0.550781 0.103472 0.0234375 0.0680556 
0 0.714063 0.232639 0.021875 0.0569444 
0 0.714844 0.229167 0.021875 0.0611111 
0 0.550391 0.101389 0.0242187 0.0694444 
0 0.716406 0.226389 0.021875 0.0611111 
0 0.442969 0.0923611 0.025 0.0652778 
0 0.550391 0.09375 0.0242187 0.0708333 
0 0.717969 0.225 0.0234375 0.0638889 
0 0.550391 0.0930556 0.0242187 0.0694444 
0 0.441797 0.0909722 0.0257812 0.0652778 
0 0.719141 0.225694 0.0210938 0.0625 
0 0.720312 0.228472 0.021875 0.0597222 
0 0.441797 0.0909722 0.0257812 0.0680556 
0 0.550391 0.09375 0.0242187 0.0708333 
0 0.721484 0.23125 0.0210938 0.0597222 
0 0.440234 0.0909722 0.0242187 0.0652778 
0 0.55 0.0951389 0.025 0.0736111 
0 0.724219 0.242361 0.0234375 0.0625 
0 0.550391 0.10625 0.0242187 0.0680556 
0 0.725391 0.247222 0.0226563 0.0666667 
0 0.549609 0.118056 0.0257812 0.0694444 
0 0.548047 0.120139 0.0257812 0.0708333 
0 0.431641 0.11875 0.0257812 0.0680556 
0 0.426172 0.117361 0.0273438 0.0708333 
0 0.724609 0.267361 0.0257812 0.0652778 
0 0.423047 0.11875 0.0257812 0.0680556 
0 0.541406 0.130556 0.028125 0.0722222 
0 0.541797 0.132639 0.0273438 0.0736111 
0 0.728516 0.281944 0.0242187 0.0611111 
0 0.729688 0.283333 0.025 0.0638889 
0 0.729297 0.28125 0.0242187 0.0625 
0 0.731641 0.282639 0.0242187 0.0597222 
0 0.416797 0.13125 0.0289063 0.0736111 
0 0.741016 0.297917 0.0273438 0.0680556 
0 0.746875 0.310417 0.025 0.0625 
0 0.762891 0.322222 0.0257812 0.0638889 
0 0.76875 0.322917 0.025 0.0625 
0 0.564844 0.159028 0.028125 0.0736111 
0 0.764063 0.311806 0.028125 0.0680556 
0 0.744141 0.284722 0.0257812 0.0694444 
0 0.534375 0.102778 0.0296875 0.0722222 
0 0.752734 0.270139 0.0273438 0.0680556 
0 0.542969 0.0763889 0.0296875 0.0722222 
0 0.770312 0.245139 0.028125 0.0763889 
0 0.542969 0.0645833 0.0296875 0.0763889 
0 0.776953 0.229167 0.0273438 0.0722222 
0 0.783984 0.171528 0.0273438 0.0708333 
0 0.544922 0.0166667 0.0273438 0.0305556 
0 0.623828 0.45 0.00546875 0.0138889 
0 0.623828 0.45 0.00546875 0.0138889 
0 0.623438 0.45 0.0046875 0.0138889 
0 0.622656 0.45 0.0046875 0.0138889 
0 0.605859 0.483333 0.00546875 0.0138889 
0 0.534375 0.511111 0.0046875 0.0138889 
0 0.534375 0.511111 0.0046875 0.0138889 
0 0.558203 0.510417 0.00546875 0.0152778 
0 0.529688 0.50625 0.0046875 0.0152778 
0 0.486719 0.420833 0.0078125 0.025 
0 0.563672 0.490278 0.00546875 0.0166667 
0 0.490625 0.440972 0.009375 0.0263889 
0 0.563672 0.489583 0.00546875 0.0152778 
0 0.490625 0.436806 0.0109375 0.0319444 
0 0.491016 0.438889 0.0101562 0.0305556 
0 0.490625 0.438194 0.0109375 0.0319444 
0 0.539453 0.490972 0.00390625 0.0152778 
0 0.539844 0.489583 0.0046875 0.0152778 
0 0.565234 0.492361 0.00546875 0.0152778 
0 0.491406 0.436806 0.0109375 0.0319444 
0 0.564062 0.489583 0.0046875 0.0152778 
0 0.489453 0.435417 0.0101562 0.0319444 
0 0.536719 0.484722 0.0046875 0.0138889 
0 0.560547 0.482639 0.00546875 0.0152778 
0 0.485547 0.426389 0.0101562 0.0305556 
0 0.532812 0.476389 0.0046875 0.0138889 
0 0.533984 0.469444 0.00546875 0.0138889 
0 0.480469 0.409722 0.0109375 0.0305556 
0 0.473828 0.327778 0.0117188 0.0333333 
0 0.473828 0.323611 0.0117188 0.0333333 
0 0.551172 0.311111 0.0117188 0.0333333 
0 0.529688 0.380556 0.0046875 0.0138889 
0 0.468359 0.310417 0.0117188 0.0319444 
0 0.544531 0.296528 0.0109375 0.0319444 
0 0.439063 0.254167 0.0125 0.0361111 
0 0.498828 0.314583 0.00546875 0.0152778 
0 0.43125 0.242361 0.0109375 0.0319444 
0 0.430469 0.241667 0.0109375 0.0333333 
0 0.43125 0.245139 0.0125 0.0375 
0 0.433984 0.255556 0.0117188 0.0333333 
0 0.438281 0.275 0.0125 0.0388889 
0 0.442187 0.271528 0.0125 0.0347222 
0 0.442969 0.260417 0.0140625 0.0430556 
0 0.446094 0.268056 0.0140625 0.0416667 
0 0.543359 0.269444 0.0132813 0.0361111 
0 0.552734 0.283333 0.0148437 0.0388889 
0 0.459375 0.2875 0.015625 0.0472222 
0 0.467187 0.294444 0.015625 0.0472222 
0 0.467187 0.295833 0.015625 0.0472222 
0 0.466406 0.295833 0.015625 0.0444444 
0 0.464844 0.296528 0.015625 0.0402778 
0 0.463672 0.297917 0.0164062 0.0458333 
0 0.455078 0.297917 0.0179687 0.0513889 
0 0.558203 0.281944 0.0164062 0.0388889 
0 0.447656 0.28125 0.015625 0.0375 
0 0.439844 0.25625 0.0171875 0.0458333 
0 0.551172 0.244444 0.0210938 0.0583333 
0 0.540625 0.229167 0.01875 0.0555556 
0 0.539844 0.229861 0.01875 0.0569444 
0 0.423828 0.239583 0.0179687 0.0513889 
0 0.423828 0.243056 0.0179687 0.0555556 
0 0.423438 0.247222 0.01875 0.0555556 
0 0.541016 0.244444 0.0195312 0.0583333 
0 0.539844 0.24375 0.01875 0.0569444 
0 0.417188 0.243056 0.0203125 0.0583333 
0 0.416797 0.240278 0.0210938 0.0583333 
0 0.419922 0.232639 0.0210938 0.0597222 
0 0.423828 0.229167 0.0195312 0.0583333 
0 0.430859 0.217361 0.0195312 0.0569444 
0 0.555859 0.2125 0.0195312 0.0583333 
0 0.437891 0.204167 0.0195312 0.0583333 
0 0.564453 0.2 0.0210938 0.0611111 
0 0.449609 0.2 0.0226563 0.0638889 
0 0.466797 0.197222 0.0226563 0.0611111 
0 0.506641 0.191667 0.0210938 0.0611111 
0 0.521484 0.197917 0.0226563 0.0625 
0 0.537109 0.203472 0.0210938 0.0625 
0 0.670313 0.202083 0.021875 0.0625 
0 0.683594 0.230556 0.021875 0.0611111 
0 0.548828 0.232639 0.0210938 0.0625 
0 0.556641 0.231944 0.0210938 0.0611111 
0 0.692969 0.23125 0.021875 0.0625 
0 0.694531 0.232639 0.021875 0.0625 
0 0.510156 0.177083 0.021875 0.0652778 
0 0.649219 0.175694 0.021875 0.0625 
0 0.518359 0.188194 0.0226563 0.0625 
0 0.525391 0.202083 0.0226563 0.0625 
0 0.674219 0.202778 0.0234375 0.0638889 
0 0.541016 0.201389 0.0226563 0.0638889 
0 0.54375 0.200694 0.0234375 0.0652778 
0 0.594922 0.218056 0.0226563 0.0666667 
0 0.602734 0.216667 0.0242187 0.0666667 
0 0.627344 0.172222 0.025 0.0722222 
0 0.824219 0.0340278 0.028125 0.0680556 
0 0.628125 0.0270833 0.028125 0.0541667 
0 0.838672 0.0243056 0.0273438 0.0486111 
0 0.627734 0.025 0.0273438 0.05 
0 0.838672 0.0222222 0.0257812 0.0416667 
0 0.839063 0.0208333 0.025 0.0361111 
0 0.621875 0.0208333 0.025 0.0388889 
0 0.619922 0.0173611 0.0226563 0.0319444 
0 0.839063 0.0166667 0.0234375 0.0305556 
0 0.838672 0.0111111 0.0195312 0.0194444 
0 0.614453 0.0125 0.0210938 0.0222222 
0 0.802344 0.281944 0.0078125 0.0194444 
0 0.760938 0.232639 0.0078125 0.0208333 
0 0.842578 0.253472 0.0101562 0.0291667 
0 0.842969 0.26875 0.0109375 0.0291667 
0 0.841016 0.28125 0.0101562 0.0291667 
0 0.855078 0.325 0.0101562 0.0277778 
0 0.864844 0.325694 0.0109375 0.0291667 
0 0.816016 0.266667 0.0117188 0.0305556 
0 0.811719 0.259722 0.0125 0.0333333 
0 0.809766 0.25625 0.0117188 0.0319444 
0 0.808203 0.255556 0.0117188 0.0305556 
0 0.806641 0.254167 0.0117188 0.0305556 
0 0.801953 0.253472 0.0117188 0.0319444 
0 0.800391 0.255556 0.0117188 0.0333333 
0 0.798047 0.25625 0.0117188 0.0319444 
0 0.795703 0.268056 0.0117188 0.0333333 
0 0.791797 0.26875 0.0117188 0.0319444 
0 0.786328 0.270139 0.0117188 0.0319444 
0 0.779688 0.271528 0.0125 0.0347222 
0 0.701563 0.266667 0.0125 0.0333333 
0 0.635547 0.268056 0.0117188 0.0333333 
0 0.599609 0.309028 0.0132813 0.0347222 
0 0.540625 0.255556 0.0140625 0.0333333 
0 0.555469 0.241667 0.0140625 0.0361111 
0 0.565625 0.185417 0.0171875 0.0430556 
0 0.551953 0.170139 0.0164062 0.0430556 
0 0.490234 0.104167 0.0242187 0.0638889 
0 0.989844 0.286111 0.0203125 0.0611111 
